A 19 3 4 2 0 23 5 0 0 0 18 5 4 1 0 22 2 1 3 0 18 4 1 2 3 17 1 6 3 1 24 0 4 0 0 17 0 5 5 1 
B 17 0 2 9 0 15 6 4 3 0 16 3 5 4 0 20 0 5 3 0 18 0 1 6 3 6 3 5 11 3 11 0 1 8 8 15 0 0 6 7 
C 20 0 0 0 8 22 0 0 3 3 20 0 3 5 0 19 0 2 7 0 19 0 0 6 3 16 0 0 5 7 18 0 0 2 8 19 0 0 0 9 
D 20 0 4 4 0 16 2 10 0 0 18 4 6 0 0 19 1 8 0 0 20 0 2 4 2 15 0 0 12 2 15 0 0 7 5 15 0 0 9 4 
E 15 0 0 11 2 24 2 1 0 1 24 2 1 1 0 21 0 5 2 0 18 0 2 6 2 4 4 7 12 2 10 0 2 10 5 15 0 0 9 4 
F 15 0 0 11 2 25 2 0 0 1 26 2 0 0 0 28 0 0 0 0 22 0 0 4 2 4 4 7 12 2 10 0 2 10 5 15 0 0 9 4 
G 19 0 0 5 4 18 2 2 5 1 9 2 6 9 2 19 0 2 6 1 19 0 0 8 1 16 0 0 6 6 18 0 0 2 8 19 0 0 2 7 
H 24 0 0 3 1 9 3 10 5 1 10 3 11 4 0 25 0 1 2 0 25 0 0 1 2 11 2 2 12 2 14 0 1 7 5 27 0 0 0 1 
I 5 4 8 10 1 2 8 9 8 1 4 8 10 6 0 4 9 11 4 0 1 6 9 9 3 0 6 8 11 3 1 3 6 10 8 3 4 7 10 4 
J 19 0 0 3 6 13 2 8 4 1 14 3 9 2 0 18 0 3 7 0 18 0 0 7 3 21 0 0 3 4 28 0 0 0 0 28 0 0 0 0 
K 14 1 6 5 2 28 0 0 0 0 26 1 1 0 0 17 4 5 2 0 25 0 0 1 2 8 2 5 12 2 11 4 0 7 5 23 4 0 0 1 
L 28 0 0 0 0 28 0 0 0 0 27 0 0 1 0 21 0 5 2 0 18 0 2 6 2 10 0 5 12 2 10 0 2 10 5 25 0 0 0 3 
M 19 0 1 4 4 8 4 7 8 1 14 1 7 6 0 17 6 4 1 0 14 5 3 3 3 6 4 4 11 3 6 0 4 10 8 23 0 0 1 4 
N 26 0 0 1 1 15 0 7 5 1 13 1 10 4 0 18 4 4 2 0 25 0 0 1 2 15 0 0 12 2 7 3 2 10 5 21 0 2 2 3 
O 19 0 0 1 8 16 0 2 8 2 17 0 5 6 0 19 0 2 7 0 19 0 0 5 4 15 0 0 5 8 18 0 0 2 8 19 0 0 0 9 
P 18 0 2 8 0 14 4 7 3 0 27 1 0 0 0 28 0 0 0 0 22 0 0 4 2 4 4 7 12 2 10 0 2 10 5 15 0 0 9 4 
Q 19 0 0 1 8 16 0 1 8 3 16 0 5 5 2 14 1 6 5 2 19 0 0 7 2 16 0 0 5 7 17 0 0 2 9 19 0 0 0 9 
R 17 0 3 8 0 17 4 5 2 0 17 6 4 1 0 23 0 3 2 0 25 0 0 1 2 7 4 4 12 2 14 0 0 8 5 15 0 0 9 4 
S 17 0 0 6 5 22 2 0 4 0 15 2 6 5 0 21 0 1 6 0 20 0 0 6 2 19 2 1 1 5 15 1 2 3 7 18 0 0 2 8 
T 11 2 2 8 5 27 0 0 0 1 28 0 0 0 0 19 5 4 0 0 22 3 3 0 0 27 1 0 0 0 25 1 0 0 2 6 4 5 6 7 
U 24 0 0 3 1 10 2 10 5 1 16 3 9 0 0 19 0 9 0 0 20 0 4 4 0 16 0 1 11 1 15 0 0 7 5 27 0 0 0 1 
V 22 0 1 4 1 19 5 3 1 0 27 1 0 0 0 19 5 4 0 0 17 7 4 0 0 23 3 2 0 1 17 1 4 3 2 26 0 0 0 2 
W 20 2 2 2 2 20 2 2 3 1 22 4 2 0 0 19 4 5 0 0 15 3 6 4 0 21 2 5 0 1 17 1 1 4 4 18 2 4 3 1 
Z 15 4 4 4 1 28 0 0 0 0 25 2 1 0 0 19 3 4 2 0 16 3 4 4 1 27 1 0 0 1 20 3 2 2 0 19 1 2 3 3 
Y 17 2 3 4 2 25 1 2 0 0 28 0 0 0 0 24 2 2 0 0 28 0 0 0 0 27 1 0 0 1 16 3 4 3 1 25 0 0 1 2 
Z 9 3 2 10 4 23 2 1 2 0 28 0 0 0 0 21 0 4 3 0 10 3 4 8 3 21 3 1 2 1 27 0 0 0 1 14 1 0 6 7 
1 10 1 5 6 6 2 6 8 8 4 3 6 9 8 2 13 3 5 6 1 28 0 0 0 0 28 0 0 0 0 24 0 0 1 3 24 0 2 2 0 
2 16 0 1 8 3 12 3 8 5 0 27 0 0 0 1 21 0 1 6 0 11 3 2 8 4 26 0 0 1 1 21 0 0 4 3 18 0 0 5 5 
3 17 1 0 7 3 18 4 3 3 0 13 4 7 4 0 20 0 2 6 0 19 0 0 6 3 19 1 0 3 5 19 1 0 2 6 16 1 0 2 9 
4 14 1 4 4 5 24 3 1 0 0 17 3 4 4 0 15 6 4 3 0 21 1 5 1 0 15 0 2 5 6 24 0 4 0 0 22 0 5 1 0 
5 16 2 0 3 7 21 5 2 0 0 12 3 9 4 0 19 0 3 6 0 19 0 0 7 2 19 0 2 3 4 15 2 2 7 2 15 2 0 2 9 
6 17 1 0 2 8 18 4 2 2 2 14 1 6 7 0 20 0 1 7 0 18 0 0 6 4 7 1 2 8 10 13 1 2 4 8 18 1 0 1 8 
7 10 2 2 10 4 20 3 1 3 1 28 0 0 0 0 26 2 0 0 0 14 5 6 3 0 28 0 0 0 0 26 0 0 0 2 15 0 0 6 7 
8 17 1 0 7 3 17 4 3 4 0 13 4 7 4 0 20 0 2 6 0 19 0 0 7 2 8 2 4 8 6 13 2 2 5 6 17 1 0 3 7 
9 17 0 0 7 4 11 2 5 9 1 12 2 8 6 0 20 0 3 5 0 16 2 0 7 3 16 1 4 4 3 13 0 1 5 9 17 0 0 3 8 
0 18 0 0 3 7 12 1 7 7 1 14 2 8 4 0 19 0 3 6 0 19 0 0 5 4 12 0 0 6 10 15 0 0 3 10 18 0 0 0 10 
, 1 5 8 12 2 4 7 11 5 1 8 8 11 1 0 15 8 5 0 0 13 2 5 6 2 27 0 0 0 2 0 4 7 11 5 1 4 8 11 4 
; 10 0 4 12 2 25 0 0 2 1 10 6 9 3 0 13 6 9 0 0 12 6 5 3 2 16 1 5 6 1 22 0 0 1 4 10 0 3 11 4 
: 16 0 6 6 0 28 0 0 0 0 28 0 0 0 0 16 4 8 0 0 10 1 8 7 2 25 0 0 2 2 18 0 0 4 5 6 0 7 11 4 
( 15 0 2 6 5 28 0 0 0 0 27 0 0 0 1 14 4 6 4 0 19 5 4 0 0 11 3 7 6 1 14 2 6 5 1 15 3 6 4 0 
) 20 4 4 0 0 12 7 9 0 0 15 8 5 0 0 18 8 2 0 0 20 1 4 3 0 28 0 0 0 1 27 0 0 0 0 15 1 3 5 4 
! 11 5 6 6 0 26 2 0 0 0 27 1 0 0 0 23 1 4 0 0 14 6 3 3 2 19 5 2 2 1 0 4 7 11 5 1 4 8 11 4 
@ 20 1 2 0 5 21 1 2 3 1 24 1 3 0 0 19 2 1 6 0 19 2 2 2 3 20 0 3 0 5 20 0 3 0 5 20 0 3 0 5 
# 18 2 1 3 4 19 2 4 3 0 25 1 2 0 0 17 6 4 1 0 16 1 3 4 4 19 2 3 2 2 23 0 3 2 0 16 1 5 4 2 
$ 22 0 0 5 1 24 2 0 2 0 14 1 6 7 0 17 2 8 1 0 21 0 2 4 1 18 2 1 2 5 14 0 1 5 8 17 2 2 4 3 
% 24 1 1 2 0 28 0 0 0 0 18 3 2 5 0 21 2 3 2 0 25 1 1 1 0 25 0 2 1 0 17 0 3 3 5 20 1 2 2 3 
^ 18 1 5 3 1 23 5 0 0 0 15 5 4 3 1 24 0 1 2 1 19 0 1 4 4 16 2 7 2 1 24 1 3 0 0 15 1 5 6 1 
& 18 2 4 2 2 28 0 0 0 0 22 3 3 0 0 11 4 7 4 2 20 1 0 2 5 15 2 3 2 6 20 1 3 3 1 16 2 0 1 9 
* 23 2 1 2 0 15 4 3 5 1 24 4 0 0 0 10 6 3 7 2 10 4 5 5 4 17 3 3 3 2 20 1 2 2 3 21 2 1 2 2 
A 16 3 5 4 0 23 5 0 0 0 16 5 5 2 0 15 6 3 4 0 11 3 5 5 4 16 2 6 3 1 22 1 5 0 0 11 1 6 7 3 
B 14 0 6 8 0 15 7 5 1 0 13 7 8 0 0 14 2 12 0 0 12 0 7 7 2 2 4 9 12 2 3 3 5 11 5 10 0 3 11 4 
C 15 0 0 4 9 20 0 1 3 4 19 0 4 5 0 16 0 5 7 0 14 0 3 8 3 12 0 3 6 7 14 0 0 6 8 15 0 0 3 10 
D 15 0 7 6 0 11 5 11 1 0 13 7 8 0 0 13 4 11 0 0 12 0 7 7 2 6 0 9 12 2 6 0 5 11 5 10 0 3 11 4 
E 11 0 4 12 1 22 5 0 1 0 21 2 2 3 0 10 4 12 2 0 9 1 9 7 2 2 4 9 12 2 3 3 5 11 5 10 0 3 11 4 
F 10 0 4 12 2 18 5 2 2 1 25 2 1 0 0 28 0 0 0 0 18 0 2 6 2 2 4 9 12 2 3 3 5 11 5 10 0 3 11 4 
G 16 0 0 3 9 15 2 3 4 4 7 2 7 8 4 15 0 5 7 1 16 0 1 8 3 12 0 3 6 7 14 0 0 5 9 16 0 0 2 10 
H 18 0 2 6 2 5 6 11 5 1 6 7 11 4 0 22 0 4 2 0 18 0 2 6 2 2 4 9 12 2 3 3 5 11 5 23 0 0 2 3 
I 7 5 8 8 0 22 5 1 0 0 23 5 0 0 0 9 8 11 0 0 2 7 10 7 2 1 5 9 12 2 0 4 7 11 5 1 4 8 11 4 
J 13 0 3 5 7 3 5 9 9 2 6 6 10 6 0 13 1 9 5 0 11 0 7 9 1 15 0 2 6 5 28 0 0 0 0 28 0 0 0 0 
K 11 2 7 7 1 28 0 0 0 0 25 2 1 0 0 13 6 7 2 0 22 0 0 4 2 3 4 8 12 2 5 4 3 10 5 20 4 1 0 3 
L 28 0 0 0 0 28 0 0 0 0 22 0 2 4 0 10 4 12 2 0 9 1 9 7 2 6 0 9 12 2 6 0 5 11 5 22 0 0 2 4 
M 13 2 4 7 2 6 5 11 5 1 10 3 11 4 0 14 6 6 2 0 14 6 2 4 2 8 2 5 12 2 2 3 6 11 5 16 0 3 5 4 
N 18 0 2 6 2 6 5 11 5 1 5 8 11 4 0 17 4 5 2 0 18 0 2 6 2 6 0 9 12 2 2 2 7 11 5 13 3 4 4 4 
O 17 0 0 8 3 13 0 6 9 0 13 0 8 7 0 17 0 5 6 0 17 0 0 9 2 12 0 0 9 7 14 0 0 4 10 16 0 0 5 7 
P 14 0 6 8 0 7 6 11 4 0 25 3 0 0 0 28 0 0 0 0 17 1 2 6 2 1 5 9 12 2 6 0 5 11 5 10 0 3 11 4 
Q 18 0 0 8 2 13 0 6 9 0 10 2 8 7 1 9 3 9 5 2 16 0 2 9 1 13 0 0 9 6 14 0 0 4 10 16 0 0 5 7 
R 14 0 6 8 0 13 6 7 2 0 14 8 5 1 0 19 2 5 2 0 18 0 2 6 2 2 4 9 12 2 6 0 5 11 5 10 0 3 11 4 
S 16 1 0 6 5 20 2 2 3 1 9 4 7 7 1 17 0 4 7 0 15 1 0 8 4 17 3 3 2 3 12 1 3 5 7 16 1 0 3 8 
T 7 2 4 10 5 25 0 0 2 1 28 0 0 0 0 19 5 4 0 0 22 3 3 0 0 27 1 0 0 0 22 1 0 1 4 3 4 5 9 7 
U 18 0 2 6 2 6 5 11 5 1 10 7 11 0 0 16 1 11 0 0 15 0 8 5 0 8 0 9 11 1 6 0 5 11 5 22 0 0 2 4 
V 15 1 4 6 2 18 5 4 1 0 26 2 0 0 0 17 6 5 0 0 16 7 5 0 0 20 5 3 0 1 10 2 7 5 3 21 0 1 3 3 
W 17 2 2 5 2 16 4 5 2 1 19 8 1 0 0 17 4 7 0 0 12 4 8 4 0 16 3 9 0 1 12 2 3 6 4 16 3 4 4 1 
X 8 5 7 7 1 27 0 1 0 0 25 2 1 0 0 14 6 6 2 0 10 5 6 5 2 24 3 1 0 1 17 3 3 3 1 13 3 4 4 4 
Y 11 4 4 7 2 23 3 2 0 0 28 0 0 0 0 20 4 4 0 0 23 3 2 0 0 25 3 0 0 1 14 4 4 3 2 17 1 2 4 4 
Z 4 4 7 12 1 21 2 3 2 0 27 0 0 1 0 15 0 11 2 0 6 4 9 7 2 17 4 3 3 2 21 1 0 1 4 9 1 3 11 4 
1 4 2 7 7 8 2 6 9 9 2 4 6 10 7 1 13 3 6 6 0 28 0 0 0 0 28 0 0 0 0 21 0 1 4 2 19 0 6 3 0 
2 13 0 3 9 3 10 4 8 6 0 23 2 0 2 1 14 1 6 7 0 2 5 8 9 4 26 0 0 1 1 19 0 0 4 5 12 0 0 9 7 
3 10 2 2 9 5 13 6 4 4 1 9 5 8 6 0 13 1 8 6 0 13 0 2 10 3 18 1 1 3 5 18 1 0 3 6 12 1 0 6 9 
4 6 3 5 6 8 20 4 4 0 0 15 5 4 4 0 9 6 7 6 0 21 1 5 1 0 12 0 3 6 7 22 0 4 2 0 19 0 3 4 2 
5 9 2 1 9 7 18 6 3 1 0 12 4 9 3 0 13 2 9 4 0 14 0 5 8 1 14 2 4 5 3 11 2 5 8 2 7 3 0 9 9 
6 15 1 0 6 6 19 4 2 1 2 9 3 8 8 0 16 0 5 7 0 16 0 0 8 4 5 2 5 6 10 10 1 2 5 10 17 1 0 3 7 
7 4 4 6 12 2 20 2 2 3 1 28 0 0 0 0 24 2 2 0 0 12 7 8 1 0 28 0 0 0 1 22 0 0 1 4 9 1 3 11 4 
8 10 2 2 9 5 13 6 4 4 1 10 4 8 6 0 15 0 7 6 0 14 0 2 10 2 5 3 6 8 6 12 2 3 5 6 12 1 0 6 9 
9 18 0 1 9 0 10 3 8 7 0 12 4 9 3 0 17 0 6 5 0 14 3 2 8 1 17 1 5 3 2 10 0 1 7 10 16 0 0 6 6 
0 13 0 2 9 4 9 2 7 9 1 11 3 8 6 0 13 1 8 6 0 14 0 3 10 1 9 0 4 9 6 11 0 1 7 9 12 0 0 7 9 
, 1 5 8 12 2 4 7 11 5 1 11 8 9 0 0 18 6 4 0 0 17 1 5 3 2 22 2 2 2 1 0 4 7 11 5 1 4 8 11 4 
; 10 0 4 12 2 25 0 0 2 1 10 6 9 3 0 13 6 9 0 0 16 6 5 1 0 16 1 5 6 1 22 0 0 1 4 10 0 3 11 4 
: 6 0 8 12 2 22 0 1 4 1 18 1 5 4 0 6 8 12 2 0 6 3 10 7 2 22 0 1 4 2 18 0 0 4 5 6 0 7 11 4 
( 11 2 3 5 7 28 0 0 0 0 27 0 0 0 1 10 5 7 6 0 16 5 7 0 0 12 4 7 4 1 15 2 6 5 0 13 3 6 6 0 
) 16 3 7 2 0 10 6 9 3 0 15 6 6 1 0 17 7 4 0 0 16 2 4 5 1 28 0 0 0 0 28 0 0 0 0 10 2 4 6 6 
! 1 5 8 12 2 4 7 11 5 1 21 1 2 4 0 10 4 12 2 0 6 5 8 7 2 20 5 0 2 2 0 4 7 11 5 1 4 8 11 4 
@ 18 1 3 0 6 17 3 1 5 2 21 1 3 3 0 18 3 1 6 0 18 2 2 3 3 15 2 3 0 8 20 0 3 0 5 18 0 3 0 7 
# 13 2 3 4 6 14 3 5 5 1 23 3 2 0 0 15 6 5 2 0 14 2 3 5 4 17 2 4 3 2 18 1 4 4 1 14 1 5 5 3 
$ 21 0 0 6 1 19 2 2 4 1 10 3 8 7 0 18 2 7 1 0 21 0 2 4 1 16 2 2 3 5 11 1 2 6 8 17 2 2 4 3 
% 21 2 1 3 1 27 1 0 0 0 14 4 5 5 0 17 2 5 4 0 21 2 3 2 0 26 0 1 1 0 10 0 5 4 9 16 1 2 4 5 
^ 17 3 5 3 0 23 5 0 0 0 14 5 6 2 1 17 3 4 4 0 12 2 4 6 4 13 4 6 4 1 21 2 5 0 0 12 3 6 5 2 
& 18 3 4 3 0 25 1 2 0 0 18 5 5 0 0 5 6 9 6 2 14 2 0 7 5 8 3 4 6 7 15 1 4 5 3 11 2 3 3 9 
* 21 2 2 2 1 19 4 4 1 0 25 3 0 0 0 10 6 7 5 0 9 4 7 4 4 17 3 5 2 1 16 1 3 2 6 10 2 5 6 5 
